
==================== SETTINGS ====================
Title of the simualation              : medium-mesh
Name of the minf file                 : ./medium-mesh/minf.space
Name of the mxyz file                 : ./medium-mesh/mxyz.space
Name of the mien file                 : ./medium-mesh/mien
Name of the mrng file                 : mrng
Name of the initial distribution file : data
Initial value of the Temperature      : 0.0000e+00
Diffusion coefficient                 : 1.0000e+00
Source term                           : 3.1830e+05
Number of maximum time steps          : 4000000
Time step size                        : 1.0000e-07
                                         BCType	BCValue1	BCValue2
BC Type and values of face group 1      : 1	5.0000e+02	0.0000e+00

====================== MESH ======================
> Number of mesh elements : 21332
> Number of nodes : 10825
> File read complete: minf
> Mesh data structure is created.
> File read complete: ./medium-mesh/mxyz.space
> File read complete: ./medium-mesh/mien

=================== SOLUTION =====================
nnSolved: 10509
The initial error is: 4.5991e+00
Iter	Time	L2 Error	
0	0.00000	1.00000e+00
1000	0.00010	1.54790e-02
2000	0.00020	9.25720e-03
3000	0.00030	6.88592e-03
4000	0.00040	5.61428e-03
5000	0.00050	4.81735e-03
6000	0.00060	4.27037e-03
7000	0.00070	3.86945e-03
8000	0.00080	3.55838e-03
9000	0.00090	3.30435e-03
10000	0.00100	3.08770e-03
11000	0.00110	2.89663e-03
12000	0.00120	2.72398e-03
13000	0.00130	2.56543e-03
14000	0.00140	2.41827e-03
15000	0.00150	2.28077e-03
16000	0.00160	2.15177e-03
17000	0.00170	2.03044e-03
18000	0.00180	1.91616e-03
19000	0.00190	1.80842e-03
20000	0.00200	1.70679e-03
21000	0.00210	1.61090e-03
22000	0.00220	1.52041e-03
23000	0.00230	1.43500e-03
24000	0.00240	1.35439e-03
25000	0.00250	1.27831e-03
26000	0.00260	1.20650e-03
27000	0.00270	1.13872e-03
28000	0.00280	1.07475e-03
29000	0.00290	1.01437e-03
30000	0.00300	9.57385e-04
31000	0.00310	9.03597e-04
32000	0.00320	8.52830e-04
33000	0.00330	8.04915e-04
34000	0.00340	7.59692e-04
35000	0.00350	7.17009e-04
36000	0.00360	6.76724e-04
37000	0.00370	6.38703e-04
38000	0.00380	6.02817e-04
39000	0.00390	5.68948e-04
40000	0.00400	5.36981e-04
41000	0.00410	5.06810e-04
42000	0.00420	4.78335e-04
43000	0.00430	4.51459e-04
44000	0.00440	4.26094e-04
45000	0.00450	4.02153e-04
46000	0.00460	3.79558e-04
47000	0.00470	3.58232e-04
48000	0.00480	3.38105e-04
49000	0.00490	3.19108e-04
50000	0.00500	3.01179e-04
51000	0.00510	2.84257e-04
52000	0.00520	2.68286e-04
53000	0.00530	2.53212e-04
54000	0.00540	2.38985e-04
55000	0.00550	2.25557e-04
56000	0.00560	2.12884e-04
57000	0.00570	2.00923e-04
58000	0.00580	1.89634e-04
59000	0.00590	1.78979e-04
60000	0.00600	1.68923e-04
61000	0.00610	1.59432e-04
62000	0.00620	1.50474e-04
63000	0.00630	1.42020e-04
64000	0.00640	1.34040e-04
65000	0.00650	1.26509e-04
66000	0.00660	1.19401e-04
67000	0.00670	1.12692e-04
68000	0.00680	1.06361e-04
69000	0.00690	1.00385e-04
70000	0.00700	9.47445e-05
71000	0.00710	8.94212e-05
72000	0.00720	8.43969e-05
73000	0.00730	7.96550e-05
74000	0.00740	7.51795e-05
75000	0.00750	7.09555e-05
76000	0.00760	6.69688e-05
77000	0.00770	6.32061e-05
78000	0.00780	5.96548e-05
79000	0.00790	5.63031e-05
80000	0.00800	5.31396e-05
81000	0.00810	5.01539e-05
82000	0.00820	4.73360e-05
83000	0.00830	4.46764e-05
84000	0.00840	4.21662e-05
85000	0.00850	3.97970e-05
86000	0.00860	3.75610e-05
87000	0.00870	3.54506e-05
88000	0.00880	3.34588e-05
89000	0.00890	3.15789e-05
90000	0.00900	2.98046e-05
91000	0.00910	2.81300e-05
92000	0.00920	2.65495e-05
93000	0.00930	2.50578e-05
94000	0.00940	2.36499e-05
95000	0.00950	2.23211e-05
96000	0.00960	2.10670e-05
97000	0.00970	1.98833e-05
98000	0.00980	1.87661e-05
99000	0.00990	1.77118e-05
100000	0.01000	1.67166e-05
101000	0.01010	1.57774e-05
102000	0.01020	1.48909e-05
103000	0.01030	1.40542e-05
104000	0.01040	1.32646e-05
105000	0.01050	1.25193e-05
106000	0.01060	1.18159e-05
107000	0.01070	1.11520e-05
108000	0.01080	1.05254e-05
109000	0.01090	9.93405e-06
110000	0.01100	9.37589e-06
111000	0.01110	8.84910e-06
112000	0.01120	8.35191e-06
113000	0.01130	7.88265e-06
114000	0.01140	7.43975e-06
115000	0.01150	7.02174e-06
116000	0.01160	6.62722e-06
117000	0.01170	6.25487e-06
118000	0.01180	5.90343e-06
119000	0.01190	5.57174e-06
120000	0.01200	5.25869e-06
121000	0.01210	4.96322e-06
122000	0.01220	4.68436e-06
123000	0.01230	4.42117e-06
124000	0.01240	4.17276e-06
125000	0.01250	3.93831e-06
126000	0.01260	3.71703e-06
127000	0.01270	3.50819e-06
128000	0.01280	3.31108e-06
129000	0.01290	3.12504e-06
130000	0.01300	2.94946e-06
131000	0.01310	2.78374e-06
132000	0.01320	2.62733e-06
133000	0.01330	2.47971e-06
134000	0.01340	2.34039e-06
135000	0.01350	2.20889e-06
136000	0.01360	2.08478e-06
137000	0.01370	1.96765e-06
138000	0.01380	1.85709e-06
139000	0.01390	1.75275e-06
140000	0.01400	1.65427e-06
141000	0.01410	1.56132e-06
142000	0.01420	1.47360e-06
143000	0.01430	1.39080e-06
144000	0.01440	1.31266e-06
145000	0.01450	1.23891e-06
146000	0.01460	1.16930e-06
147000	0.01470	1.10360e-06
148000	0.01480	1.04159e-06
149000	0.01490	9.83071e-07
150000	0.01500	9.27837e-07
151000	0.01510	8.75705e-07
152000	0.01520	8.26503e-07
153000	0.01530	7.80065e-07
154000	0.01540	7.36237e-07
155000	0.01550	6.94871e-07
156000	0.01560	6.55829e-07
157000	0.01570	6.18980e-07
158000	0.01580	5.84202e-07
159000	0.01590	5.51378e-07
160000	0.01600	5.20399e-07
161000	0.01610	4.91160e-07
162000	0.01620	4.63563e-07
163000	0.01630	4.37518e-07
164000	0.01640	4.12935e-07
165000	0.01650	3.89734e-07
166000	0.01660	3.67837e-07
167000	0.01670	3.47169e-07
168000	0.01680	3.27663e-07
169000	0.01690	3.09253e-07
170000	0.01700	2.91878e-07
171000	0.01710	2.75478e-07
172000	0.01720	2.60000e-07
173000	0.01730	2.45392e-07
174000	0.01740	2.31604e-07
175000	0.01750	2.18592e-07
176000	0.01760	2.06310e-07
177000	0.01770	1.94718e-07
178000	0.01780	1.83778e-07
179000	0.01790	1.73452e-07
180000	0.01800	1.63706e-07
181000	0.01810	1.54508e-07
182000	0.01820	1.45827e-07
183000	0.01830	1.37634e-07
184000	0.01840	1.29901e-07
185000	0.01850	1.22602e-07
186000	0.01860	1.15714e-07
187000	0.01870	1.09212e-07
188000	0.01880	1.03076e-07
188524	0.01885	9.99995e-08

================ POST-PROCESSING =================
Tmin 5.00000e+02
Tmax 5.44321e+02
RMS error 7.97396e-02
medium-mesh.vtu
Elapsed time is 54.06000
